[gd_scene format=3]

[ext_resource type="PackedScene" path="res://docs/gpt/asset_factory/generated/blockcraft_space_opera_v0/scenes/blockcraft_desert_tile_4x4_01.tscn" id="1_4ixty"]

[sub_resource type="StandardMaterial3D" id="StandardMaterial3D_40uor"]
albedo_color = Color(0.78431374, 0.58431375, 0.33333334, 1)
roughness = 0.95

[sub_resource type="BoxMesh" id="BoxMesh_qdapy"]
size = Vector3(8.5, 0.08, 7)

[sub_resource type="StandardMaterial3D" id="StandardMaterial3D_svl3x"]
albedo_color = Color(0.7254902, 0.50980395, 0.27058825, 1)
roughness = 0.86

[sub_resource type="BoxMesh" id="BoxMesh_m36bh"]
size = Vector3(4, 0.24, 4)

[sub_resource type="StandardMaterial3D" id="StandardMaterial3D_4py3p"]
albedo_color = Color(0.8745098, 0.7294118, 0.44705883, 1)
roughness = 0.86
emission_enabled = true
emission = Color(0.8745098, 0.7294118, 0.44705883, 1)
emission_energy_multiplier = 1.4

[sub_resource type="BoxMesh" id="BoxMesh_kusac"]
size = Vector3(1.4, 0.45, 1.4)

[sub_resource type="StandardMaterial3D" id="StandardMaterial3D_eo0f2"]
albedo_color = Color(0.47843137, 0.3372549, 0.19607843, 1)
roughness = 0.86

[sub_resource type="BoxMesh" id="BoxMesh_4aetf"]
size = Vector3(0.18, 0.25, 1.4)

[sub_resource type="StandardMaterial3D" id="StandardMaterial3D_hpxnr"]
albedo_color = Color(0.40784314, 0.44705883, 0.47843137, 1)
roughness = 0.86

[sub_resource type="BoxMesh" id="BoxMesh_6t6ic"]
size = Vector3(1.1, 0.08, 0.55)

[sub_resource type="StandardMaterial3D" id="StandardMaterial3D_i3arq"]
albedo_color = Color(0.46666667, 0.4392157, 0.42745098, 1)
roughness = 0.86

[sub_resource type="BoxMesh" id="BoxMesh_vuext"]
size = Vector3(0.38, 0.26, 0.32)

[sub_resource type="BoxMesh" id="BoxMesh_wmpan"]
size = Vector3(0.28, 0.22, 0.42)

[sub_resource type="StandardMaterial3D" id="StandardMaterial3D_xycf1"]
albedo_color = Color(0.14117648, 0.84313726, 0.84313726, 1)
roughness = 0.86
emission_enabled = true
emission = Color(0.14117648, 0.84313726, 0.84313726, 1)
emission_energy_multiplier = 1.4

[sub_resource type="TorusMesh" id="TorusMesh_ucu10"]
inner_radius = 2.0
outer_radius = 2.07
ring_segments = 72

[node name="blockcraft_desert_tile_4x4_01_review" type="Node3D" unique_id=88545806]

[node name="ReviewPlane" type="MeshInstance3D" parent="." unique_id=1276754770]
transform = Transform3D(1, 0, 0, 0, 1, 0, 0, 0, 1, 0, -0.08, 0)
material_override = SubResource("StandardMaterial3D_40uor")
mesh = SubResource("BoxMesh_qdapy")

[node name="blockcraft_desert_tile_4x4_01" type="Node3D" parent="." unique_id=1265748367 instance=ExtResource("1_4ixty")]
metadata/asset_id = "blockcraft_desert_tile_4x4_01"
metadata/display_name = "Blockcraft Desert Tile 4x4 01"
metadata/category = "terrain_tile"
metadata/gameplay_role = "repeatable desert ground tile with height-step readability"
metadata/prompt = "blocky desert ground tile with simple ledge, rocks, and panel scraps"

[node name="base" type="MeshInstance3D" parent="blockcraft_desert_tile_4x4_01" unique_id=1291646966]
transform = Transform3D(1, 0, 0, 0, 1, 0, 0, 0, 1, 0, 0.12, 0)
material_override = SubResource("StandardMaterial3D_svl3x")
mesh = SubResource("BoxMesh_m36bh")

[node name="raised_corner" type="MeshInstance3D" parent="blockcraft_desert_tile_4x4_01" unique_id=2014680479]
transform = Transform3D(1, 0, 0, 0, 1, 0, 0, 0, 1, -1.15, 0.38, -1.15)
material_override = SubResource("StandardMaterial3D_4py3p")
mesh = SubResource("BoxMesh_kusac")

[node name="step_shadow" type="MeshInstance3D" parent="blockcraft_desert_tile_4x4_01" unique_id=1001850822]
transform = Transform3D(1, 0, 0, 0, 1, 0, 0, 0, 1, -0.3, 0.24, -1.15)
material_override = SubResource("StandardMaterial3D_eo0f2")
mesh = SubResource("BoxMesh_4aetf")

[node name="panel_scrap" type="MeshInstance3D" parent="blockcraft_desert_tile_4x4_01" unique_id=788617231]
transform = Transform3D(0.9396926, 0, 0.34202012, 0, 1, 0, -0.34202012, 0, 0.9396926, 1, 0.28, 0.65)
material_override = SubResource("StandardMaterial3D_hpxnr")
mesh = SubResource("BoxMesh_6t6ic")

[node name="small_rock_a" type="MeshInstance3D" parent="blockcraft_desert_tile_4x4_01" unique_id=2034408162]
transform = Transform3D(0.9781476, 0, 0.2079117, 0, 1, 0, -0.2079117, 0, 0.9781476, -1.3, 0.34, 1.2)
material_override = SubResource("StandardMaterial3D_i3arq")
mesh = SubResource("BoxMesh_vuext")

[node name="small_rock_b" type="MeshInstance3D" parent="blockcraft_desert_tile_4x4_01" unique_id=98906624]
transform = Transform3D(0.95105654, 0, -0.309017, 0, 1, 0, 0.309017, 0, 0.95105654, 1.55, 0.31, -1.3)
material_override = SubResource("StandardMaterial3D_i3arq")
mesh = SubResource("BoxMesh_wmpan")

[node name="@MeshInstance3D@2" type="MeshInstance3D" parent="." unique_id=1562214598]
transform = Transform3D(1, 0, 0, 0, 1, 0, 0, 0, 1, 0, 0.02, 0)
material_override = SubResource("StandardMaterial3D_xycf1")
mesh = SubResource("TorusMesh_ucu10")

[node name="ReviewSun" type="DirectionalLight3D" parent="." unique_id=67366839]
transform = Transform3D(0.7251193, 0.6049526, -0.32898995, -0.09960051, 0.56486255, 0.81915206, 0.68138224, -0.5612154, 0.46984634, 0, 0, 0)
light_energy = 2.4
shadow_enabled = true

[node name="ReviewCamera" type="Camera3D" parent="." unique_id=1577473250]
transform = Transform3D(-0.70710677, -0.37204581, 0.6013168, 0, 0.8503904, 0.52615225, -0.70710677, 0.37204581, -0.6013168, 12.026337, 11.373044, -12.026337)
projection = 1
current = true
size = 8.0
far = 120.0
